-113.013172765700
-130.668227492502
-162.311054668392
-195.788321028337
-226.646866664658
-251.792788780549
-268.278657793610
-273.822247562972
-267.298229093001
-246.151313697738
-194.228333664215
-115.181272898310
-7.90535665290934
147.661299517208
366.425756815538
666.510855054655
1070.37603487845
1595.76751464855
1876.45979992897
-1157.22215969829
-2392.10924544961
-63.5094772516844
-0.00759280433314268
-4.00181977860594e-10
-3.61414563646886e-22
-6.60608651639751e-41
-5.84170371737261e-69
-6.84668221578415e-110
-1.59976280553924e-168
-1.44365961506796e-187